[0, 1.9686303999915253]
[1, 2.328016999992542]
[0, 2.443064499995671]
[1, 2.973305799998343]
[2, 3.931017199996859]
[3, 4.931724599999143]
[4, 5.930182299984153]
[5, 6.931320300005609]
[6, 7.93179100000998]
[7, 8.931585699989228]
[8, 9.930841499997769]
[9, 10.929952300008154]
[10, 11.971170500008157]
[11, 12.931681699992623]
[12, 13.931710000004387]
[13, 15.074869200005196]
[14, 16.068447400000878]
[15, 17.071727600006852]
[16, 18.082111499999883]
[17, 19.13232259999495]
[18, 20.159793400001945]
[19, 21.140159200003836]
[20, 22.145702000008896]
[21, 23.012849599996116]
[22, 24.01361409999663]
[23, 25.012969400006114]
[24, 26.010542200005148]
[25, 27.0120568999846]
[26, 28.017629699985264]
[27, 29.01212480000686]
[28, 30.013254399993457]
[29, 31.011435099993832]
[30, 32.20252170000458]
[31, 33.04099050001241]
[32, 34.04603580001276]
[33, 35.028761399997165]
[34, 36.01971930000582]
[35, 37.01269339999999]
[36, 38.01974930000142]
[37, 39.01370310000493]
[38, 40.01381360000232]
[39, 41.02466349999304]
[40, 42.32978510000976]
[41, 43.029183100006776]
[42, 44.02650899998844]
[43, 45.024852000002284]
[44, 46.0253381000075]
[45, 47.02036429999862]
[46, 48.01495690000593]
[47, 49.02204479998909]
[48, 50.01753610000014]
[49, 51.022109699988505]
[50, 52.36494229998789]
[51, 53.01907229999779]
[52, 54.01852250000229]
[53, 55.06596310000168]
[54, 56.45215679999092]
[55, 57.10739769999054]
[56, 58.033718599996064]
[57, 59.031905799987726]
[58, 60.02938429999631]
[59, 61.07669310001074]
[60, 62.51992120000068]
[61, 63.12503659998765]
[62, 64.04670149998856]
[63, 65.05769779998809]
[64, 66.0428091000067]
[65, 67.08404859999428]
[66, 68.10368010000093]
[67, 69.06261659998563]
[68, 70.06344140000874]
[69, 71.1106763999851]
[70, 73.16451209998922]
[71, 73.8181898999901]
[72, 74.92016310000326]
[73, 75.63729819998844]
[74, 76.61445309998817]
[75, 77.55653259999235]
[76, 78.48485609999625]
[77, 79.28939250000985]
[78, 80.16103059999296]
[79, 81.13412360000075]
[80, 83.07857039998635]
[81, 83.71702630000073]
[82, 84.3765820999979]
[83, 85.1803060999955]
[84, 86.1198347999889]
[85, 87.05991270000231]
[86, 88.03165540000191]
[87, 89.06195450000814]
[88, 90.08313389998511]
[89, 91.05971689999569]
[90, 93.2097378000035]
[91, 94.03872320000664]
[92, 94.70364389999304]
[93, 95.33597949999967]
[94, 96.04569679999258]
[95, 97.03673719998915]
[96, 98.07777589999023]
[97, 99.07751050000661]
[98, 100.02051050000591]
[99, 101.01893389999168]
[100, 102.01874559998396]
[101, 103.02106579998508]
[102, 104.03150849998929]
[103, 105.01779179999721]
[104, 106.0363776999875]
[105, 107.01829360000556]
[106, 108.01840169998468]
[107, 109.01857409998775]
[108, 110.02227059999132]
[109, 111.02125600000727]
[110, 112.02022169998963]
[111, 113.0229127999919]
[112, 114.03153499998734]
[113, 115.01921579998452]
[114, 116.02989770000568]
[115, 117.01851329999045]
[116, 118.02753309998661]
[117, 119.03061009998783]
[118, 120.05911780000315]
[119, 121.03256009999313]
[120, 122.08056329999818]
[121, 123.07027739999467]
[122, 124.07197680001264]
[123, 125.04901250000694]
[124, 126.06348459998844]
[125, 127.07235000000219]
[126, 128.07537129998673]
[127, 129.06680689999484]
[128, 130.07064130000072]
[129, 131.07711509999353]
[130, 132.0598195999919]
[131, 133.073292999994]
[132, 134.06662120000692]
[133, 135.07646199999726]
[134, 136.0401351999899]
[135, 137.06770819998928]
[136, 138.05838219998986]
[137, 139.0632934999885]
[138, 140.07144410000183]
[139, 141.0584428999864]
[140, 142.07067280000774]
[141, 143.0669806000078]
[142, 144.06415319998632]
[143, 145.08035629999358]
[144, 146.05275729999994]
[145, 147.07435909999185]
[146, 148.05688399999053]
[147, 149.05289260001155]
[148, 150.05322659999365]
[149, 151.05391849999432]
[150, 152.0435984999931]
[151, 153.0928755000059]
[152, 154.08949579999899]
[153, 155.05339029998868]
[154, 156.0834889000107]
[155, 157.0717025999911]
[156, 158.08080029999837]
[157, 159.05644419998862]
[158, 160.08536560001085]
[159, 161.05201630000374]
[160, 162.0548659999913]
[161, 163.05592539999634]
[162, 164.05600280000363]
[163, 165.07182909999392]
[164, 166.0568602999847]
[165, 167.07297670000116]
[166, 168.04597740000463]
[167, 169.08139489998575]
[168, 170.05453130000387]
[169, 171.09191889999784]
[170, 172.1039146000112]
[171, 173.10317200000281]
[172, 174.05154539999785]
[173, 175.05917829999817]
[174, 176.07821249999688]
[175, 177.06080209999345]
[176, 178.05694239999866]
[177, 179.06000440000207]
[178, 180.0485037000035]
[179, 181.07260539999697]
[180, 182.0659309999901]
[181, 183.05723189999117]
[182, 184.0599743000057]
[183, 185.03957719999016]
[184, 186.07257670001127]
[185, 187.07904280000366]
[186, 188.05807589998585]
[187, 189.08219300000928]
[188, 190.0721024000086]
[189, 191.06807229999686]
[190, 192.05990120000206]
[191, 193.0578770999855]
[192, 194.05243260000134]
[193, 195.07014809999964]
[194, 196.09010020000278]
[195, 197.07941350000328]
[196, 198.04901819999213]
[197, 199.06661410001107]
[198, 200.0805829000019]
[199, 201.08216849999735]
[200, 202.05962960000033]
[201, 203.08350320000318]
[202, 204.06517200000235]
[203, 205.07890769999358]
[204, 206.08611430000747]
[205, 207.09509419999085]
[206, 208.07579609999084]
[207, 209.0958193000115]
[208, 210.08508089999668]
[209, 211.0969691000064]
[210, 212.1005079000024]
[211, 213.09514019999187]
[212, 214.11340850000852]
[213, 215.0817029000027]
[214, 216.10029959998792]
[215, 217.0957924000104]
[216, 218.0906393000041]
[217, 219.0908109000011]
[218, 220.08901950001018]
[219, 221.08636600000318]
[220, 222.06788339998457]
[221, 223.06899110000813]
[222, 224.06000749999657]
[223, 225.06288710000808]
[224, 226.07078099998762]
[225, 227.07153409998864]
[226, 228.0484576000017]
[227, 229.06790490000276]
[228, 230.08214439998847]
[229, 231.08205639998778]
[230, 232.09134839999024]
[231, 233.07922230000258]
[232, 234.07679419999477]
[233, 235.08390090000466]
[234, 236.07902350000222]
[235, 237.06547729999875]
[236, 238.07081589999143]
[237, 239.05909679998877]
[238, 240.07617350001237]
[239, 241.08469630000764]
[240, 242.07549940000172]
[241, 243.05967789998977]
[242, 244.08459740001126]
[243, 245.08499639999354]
[244, 246.06849549998879]
[245, 247.0436827999947]
[246, 248.0849470999965]
[247, 249.08783720000065]
[248, 250.0689502999885]
[249, 251.0831329000066]
[250, 252.06974959999206]
[251, 253.07123780000256]
[252, 254.08267889998388]
[253, 255.069393999991]
[254, 256.0607311000058]
[255, 257.08123239999986]
[256, 258.05923759998404]
[257, 259.0719662999909]
[258, 260.0504537000088]
[259, 261.05389079998713]
[260, 262.06655950000277]
[261, 263.0620023999945]
[262, 264.07880009998917]
[263, 265.0779283999873]
[264, 266.0477294999873]
[265, 267.05954290000955]
[266, 268.0560781999957]
[267, 269.0503926000092]
[268, 270.0713296000031]
[269, 271.0667899000109]
[270, 272.0718160000106]
[271, 273.09509650000837]
[272, 274.1115930000087]
[273, 275.0651009999856]
[274, 276.0751636000059]
[275, 277.05811680000625]
[276, 278.0610975000018]
[277, 279.1434122000064]
[278, 280.0820973000082]
[279, 281.0888930000074]
[280, 282.0750267000112]
[281, 283.1158405999886]
[282, 284.06552360000205]
[283, 285.0623717000126]
[284, 286.0788455999864]
[285, 287.07380569999805]
[286, 288.06346850001137]
[287, 289.06136230000993]
[288, 290.07909720001044]
[289, 291.05607699998654]
[290, 292.0748168999853]
[291, 293.07844390001264]
[292, 294.0700465000118]
[293, 295.08056100000977]
[294, 296.07367969999905]
[295, 297.0642624000029]
[296, 298.06322169999476]
[297, 299.06601159999263]
[298, 300.07037259999197]
[299, 301.07311130000744]
[300, 302.05563149999944]
[301, 303.07613470000797]
[302, 304.05142219999107]
[303, 305.0758608999895]
[304, 306.0583740999864]
[305, 307.0749358999892]
[306, 308.05936819998897]
[307, 309.0741418999969]
[308, 310.08880150000914]
[309, 311.089000100008]
[310, 312.10910189998685]
[311, 313.09824990000925]
[312, 314.07785599998897]
[313, 315.0940387999872]
[314, 316.0708661999961]
[315, 317.0721493999881]
[316, 318.0790052000084]
[317, 319.07493120001163]
[318, 320.07199820000096]
[319, 321.08514539999305]
[320, 322.0704471000063]
[321, 323.0840196000063]
[322, 324.0863526999892]
[323, 325.0704115999979]
[324, 326.08783880001283]
[325, 327.0737569000048]
[326, 328.0776174000057]
[327, 329.07280369999353]
[328, 330.074494600005]
[329, 331.0610103000072]
[330, 332.0658994000114]
[331, 333.10042480000993]
[332, 334.1042351000069]
[333, 335.05875450000167]
[334, 336.06292289998964]
[335, 337.08226419999846]
[336, 338.0793993000116]
[337, 339.05863889999455]
[338, 340.0924056000076]
[339, 341.10153159999754]
[340, 342.1060720999958]
[341, 343.0776324000035]
[342, 344.0799931999936]
[343, 345.07512180000776]
[344, 346.0647420999885]
[345, 347.08955669999705]
[346, 348.06908630000544]
[347, 349.079608]
[348, 350.0673935000086]
[349, 351.0732857999974]
[350, 352.0864392000076]
[351, 353.0798092999903]
[352, 354.0700041000091]
[353, 355.07680539999274]
[354, 356.10957359999884]
[355, 357.08230929999263]
[356, 358.07589879998704]
[357, 359.0724094999896]
[358, 360.078119599988]
[359, 361.06978250000975]
[360, 362.08359850000124]
[361, 363.0854407000006]
[362, 364.0828123000101]
[363, 365.09085060001235]
[364, 366.0826825000113]
[365, 367.07716499999515]
[366, 368.08167479999247]
[367, 369.07662430001074]
[368, 370.0839846000017]
[369, 371.06632569999783]
[370, 372.0697753999848]
[371, 373.08608609999646]
[372, 374.0727704000019]
[373, 375.0672659999982]
[374, 376.08023429999594]
[375, 377.0826844999974]
[376, 378.0681526999979]
[377, 379.06853079999564]
[378, 380.06420570000773]
[379, 381.07842860001256]
[380, 382.08649079999304]
[381, 383.07946919999085]
[382, 384.0684259000118]
[383, 385.0695379000099]
[384, 386.0812258000078]
[385, 387.07841829999234]
[386, 388.0967998999986]
[387, 389.08845529999235]
[388, 390.0840806000051]
[389, 391.0826476000075]
[390, 392.0862373000127]
[391, 393.10808639999595]
[392, 394.1188939999847]
[393, 395.0874754000106]
[394, 396.0745382999885]
[395, 397.08108909998555]
[396, 398.0960635000083]
[397, 399.08588329999475]
[398, 400.0951503000106]
[399, 401.0857640999893]
[400, 402.0922334000061]
[401, 403.0941404000041]
[402, 404.10392039999715]
[403, 405.0900987999921]
[404, 406.0984271999914]
[405, 407.08305620000465]
[406, 408.07572470000014]
[407, 409.0823570000066]
[408, 410.077882499987]
[409, 411.0757985000091]
[410, 412.0861372000072]
[411, 413.0824086999928]
[412, 414.080941799999]
[413, 415.0877516999899]
[414, 416.0848743999959]
[415, 417.0728454999917]
[416, 418.06218449998414]
[417, 419.0871335999982]
[418, 420.08334209999884]
[419, 421.0712102999969]
[420, 422.08061279999674]
[421, 423.07375650000176]
[422, 424.08233020000625]
[423, 425.083722499985]
[424, 426.0747097999847]
[425, 427.0868197999953]
[426, 428.09182239999063]
[427, 429.08932070000446]
[428, 430.07111620000796]
[429, 431.07565139999497]
