[0, 2.495195099967532]
[1, 2.495875599910505]
[0, 2.563080899999477]
[1, 2.9557015999453142]
[2, 3.2391095999628305]
[3, 3.4577175999293104]
[4, 3.77079659991432]
[5, 4.029363599955104]
[6, 4.267369500012137]
[7, 4.595907999901101]
[8, 4.950695300009102]
[9, 5.211231599911116]
[10, 5.420331500004977]
[11, 5.8030005999607965]
[12, 5.993195799994282]
[13, 6.365728699951433]
[14, 6.607299999915995]
[15, 6.900754899950698]
[16, 7.1626483999425545]
[17, 7.537080999929458]
[18, 7.7648552999598905]
[19, 8.019280700013041]
[20, 8.386131200008094]
[21, 8.788859099964611]
[22, 9.091440799995326]
[23, 9.518985099974088]
[24, 9.759193499921821]
[25, 10.098368300008588]
[26, 10.495273499982432]
[27, 10.861427699914202]
[28, 11.140800699940883]
[29, 11.412153899902478]
[30, 11.640425199992023]
[31, 12.071759599959478]
[32, 12.363843799917959]
[33, 12.59297269990202]
[34, 12.912170899915509]
[35, 13.358188399928622]
[36, 13.581792299984954]
[37, 14.042990699992515]
[38, 14.471327399951406]
[39, 14.835436199908145]
[40, 15.130915699992329]
[41, 15.369771500001661]
[42, 15.786327000008896]
[43, 16.130322700017132]
[44, 16.569591999985278]
[45, 16.928389300010167]
[46, 17.162723499932326]
[47, 17.429613899905235]
[48, 17.788855799939483]
[49, 18.215787099907175]
[50, 18.60232049995102]
[51, 18.846040299977176]
[52, 19.180493199964985]
[53, 19.540220399969257]
[54, 19.76676479994785]
[55, 20.060965899960138]
[56, 20.50059469998814]
[57, 20.90771840000525]
[58, 21.154714799951762]
[59, 21.524152799975127]
[60, 21.956648199935444]
[61, 27.56153089995496]
[75, 27.631467300001532]
[76, 27.863096099928953]
[77, 28.294895399943925]
[78, 28.752232200000435]
[79, 29.103062100009993]
[80, 29.474876399966888]
[81, 29.880843099905178]
[82, 30.23671279998962]
[83, 30.485419599921443]
[84, 30.72709759999998]
[85, 31.184045000001788]
[86, 31.498163099982776]
[87, 31.980324600008316]
[88, 32.796811799984425]
[89, 33.099061099928804]
[90, 33.38606439996511]
[91, 33.848979900009]
[92, 34.28391180001199]
[93, 34.59734919993207]
[94, 34.954864499974065]
[95, 35.417768899933435]
[96, 35.88311639998574]
[97, 36.330544199910946]
[98, 36.77394039998762]
[99, 37.24286419991404]
[100, 37.58535019995179]
[101, 37.96074329991825]
[102, 38.42051719990559]
[103, 38.90016730001662]
[104, 39.297844799933955]
[105, 39.77043739997316]
[106, 40.25065890001133]
[107, 40.56559189991094]
[108, 40.96045749995392]
[109, 41.43869779992383]
[110, 41.919447899912484]
[111, 42.39676799997687]
[112, 42.73975820001215]
[113, 43.18042059999425]
[114, 43.52559969993308]
[115, 43.87377939990256]
[116, 44.342198699945584]
[117, 44.843077300000004]
[118, 45.318233700003475]
[119, 45.58038379997015]
[120, 45.97604719991796]
[121, 46.39202029991429]
[122, 46.70872190000955]
[123, 47.103861999930814]
[124, 47.58172269992065]
[125, 47.90041429991834]
[126, 53.57373349997215]
[141, 53.85077019990422]
[142, 54.303579599945806]
[143, 54.65897759993095]
[144, 54.98254200001247]
[145, 55.43578980001621]
[146, 55.868883799994364]
[147, 56.203589299926534]
[148, 56.540341099957004]
[149, 56.9546251000138]
[150, 57.370731799979694]
[151, 57.709350399905816]
[152, 58.18718309991527]
[153, 59.32063089997973]
[154, 59.62030389998108]
[155, 60.11714210000355]
[156, 60.646800499991514]
[157, 60.97098699992057]
[158, 61.36381889996119]
[159, 61.85344229999464]
[160, 62.22632179991342]
[161, 62.51196999999229]
[162, 62.9154383999994]
[163, 63.27045919990633]
[164, 63.699187099933624]
[165, 64.06942809990142]
[166, 64.47661589994095]
[167, 64.87275949993636]
[168, 65.15265179995913]
[169, 65.58783289999701]
[170, 66.07638949993998]
[171, 66.57310109992977]
[172, 66.8939927999163]
[173, 67.37434159999248]
[174, 67.81821149995085]
[175, 68.15632810001262]
[176, 68.51049149991013]
[177, 68.9185350999469]
[178, 69.22046360000968]
[179, 69.53958579991013]
[180, 69.81438569992315]
[181, 70.31892549991608]
[182, 70.69353059993591]
[183, 71.05201989994384]
[184, 71.4179125999799]
[185, 71.81420869997237]
[186, 72.19589629990514]
[187, 72.52115980000235]
[188, 72.8035221999744]
[189, 73.15899989998434]
[190, 73.56023409997579]
[191, 79.25036860001273]
[207, 79.29315729998052]
[208, 79.6409814999206]
[209, 79.95482049998827]
[210, 80.41142929997295]
[211, 80.85645269998349]
[212, 81.24729069997557]
[213, 81.63920759991743]
[214, 81.89921259996481]
[215, 82.23481229995377]
[216, 82.58584979991429]
[217, 83.04736169998068]
[218, 84.66039229999296]
[219, 84.96727949997876]
[220, 85.47222090000287]
[221, 85.99154409999028]
[222, 86.36538669990841]
[223, 86.75094539998099]
[224, 87.19108079990838]
[225, 87.49363979999907]
[226, 87.95519509993028]
[227, 88.46679679991212]
[228, 88.98447369993664]
[229, 89.30661869992036]
[230, 89.75213009992149]
[231, 90.25493669998832]
[232, 90.66714999999385]
[233, 91.09615459991619]
[234, 91.61181129992474]
[235, 91.9093621999491]
[236, 92.3640943999635]
[237, 92.65212959994096]
[238, 92.96379690000322]
[239, 93.45751569990534]
[240, 93.85808689997066]
[241, 94.34347269998398]
[242, 94.73946459998842]
[243, 95.10574629995972]
[244, 95.40192109998316]
[245, 95.83510449994355]
[246, 96.12531909998506]
[247, 96.52259549999144]
[248, 97.01695349998772]
[249, 97.48729939991608]
[250, 97.88307440001518]
[251, 98.31106320000254]
[252, 98.8084710999392]
[253, 99.26835499994922]
[254, 99.63879819994327]
[255, 100.10117089992855]
[256, 105.83738019992597]
[271, 106.36808619997464]
[272, 106.81169160001446]
[273, 107.28340660000686]
[274, 107.8227743000025]
[275, 108.29969699995127]
[276, 108.79254179995041]
[277, 109.40724719990976]
[278, 110.03088299999945]
[279, 110.51733840000816]
[280, 111.01035749993753]
[281, 111.58983409998473]
[282, 112.1730244999053]
[283, 114.33359379996546]
[284, 114.84786689991597]
[285, 115.35054989997298]
[286, 115.9120578999864]
[287, 116.34287379996385]
[288, 116.70157189993188]
[289, 117.19870199996512]
[290, 117.60452970000915]
[291, 118.09811609995086]
[292, 118.54691649996676]
[293, 119.04022779990919]
[294, 119.6474250999745]
[295, 120.19033859996125]
[296, 120.57981629995629]
[297, 121.13005959999282]
[298, 121.58860559994355]
[299, 122.03860059997533]
[300, 122.59270429995377]
[301, 123.07275159994606]
[302, 123.49445130000822]
[303, 123.91242519998923]
[304, 124.38777449994814]
[305, 124.84914710000157]
[306, 125.32384119997732]
[307, 125.7945677000098]
[308, 126.25719199993182]
[309, 126.68375049997121]
[310, 127.120519899996]
[311, 127.58221089991275]
[312, 128.16586649999954]
[313, 128.5803836999694]
[314, 128.98016529995948]
[315, 129.44953199999873]
[316, 129.89158940000925]
[317, 130.40761489991564]
[318, 130.84077659994364]
[319, 131.37882360001095]
[320, 131.9600572999334]
[321, 137.72306569991633]
[336, 138.26559269998688]
[337, 138.68827629997395]
[338, 139.10098999994807]
[339, 139.49505479994696]
[340, 139.96222429990303]
[341, 140.42736470000818]
[342, 140.76336919993628]
[343, 141.1740637999028]
[344, 141.78131099999882]
[345, 142.3335386000108]
[346, 142.85382099996787]
[347, 143.3180815000087]
[348, 146.14674999995623]
[349, 146.63620379997883]
[350, 147.06404189998284]
[351, 147.5671370999189]
[352, 148.05624999990687]
[353, 148.49058430001605]
[354, 148.86294999998063]
[355, 149.3202749999473]
[356, 149.89883660001215]
[357, 150.28552499995567]
[358, 150.80720029992517]
[359, 151.26241709990427]
[360, 151.62992179999128]
[361, 152.10232750000432]
[362, 152.5042011999758]
[363, 153.03972050000448]
[364, 153.56538629997522]
[365, 154.1089084999403]
[366, 154.5311126000015]
[367, 155.0240322999889]
[368, 155.42656479997095]
[369, 155.8848426999757]
[370, 156.37700839992613]
[371, 156.80656279996037]
[372, 157.21250369993504]
[373, 157.66874689992983]
[374, 158.1349251999054]
[375, 158.57028669991996]
[376, 158.9936295999214]
[377, 159.36091169994324]
[378, 159.8542080000043]
[379, 160.29097480000928]
[380, 160.74187949998304]
[381, 161.25216979999095]
[382, 161.68502109998371]
[383, 162.16058239992708]
[384, 162.60003089997917]
[385, 163.04189739993308]
[386, 168.8126534000039]
[400, 169.04347759997472]
[401, 169.45674569997936]
[402, 169.8986607999541]
[403, 170.3232225999236]
[404, 170.80313609994482]
[405, 171.25826519995462]
[406, 171.6855411999859]
[407, 172.08450140000787]
[408, 172.54871979996096]
[409, 173.03646599990316]
[410, 173.61669319996145]
[411, 174.01811429997906]
[412, 174.4939149999991]
[413, 177.9086149999639]
[414, 178.2985173999332]
[415, 178.750687199994]
[416, 179.11149249994196]
[417, 179.59781339997426]
[418, 180.02134089998435]
[419, 180.50846269994508]
[420, 180.96382649999578]
[421, 181.41228940000292]
[422, 181.85454189998563]
[423, 182.35098799993284]
[424, 182.80653129995335]
[425, 183.30772979999892]
[426, 183.7705986999208]
[427, 184.14768239995465]
[428, 184.62105059996247]
[429, 185.06764299992938]
[430, 185.55465089995414]
[431, 186.00202949997038]
[432, 186.45560969994403]
[433, 186.8723469999386]
[434, 187.31791629991494]
[435, 187.92990049999207]
[436, 188.3535155999707]
[437, 188.7315902999835]
[438, 189.1408572999062]
[439, 189.605644700001]
[440, 190.07754219998606]
[441, 190.5443603999447]
[442, 190.93279559991788]
[443, 191.3395823999308]
[444, 191.77775060001295]
[445, 192.20735949999653]
[446, 192.60928589990363]
[447, 193.0802226999076]
[448, 193.49933889997192]
[449, 193.91504919994622]
[450, 194.39148300001398]
[451, 200.11630019999575]
[465, 200.36829879996367]
[466, 200.75954689993523]
[467, 201.25244840001687]
[468, 201.74134189996403]
[469, 202.21332699991763]
[470, 202.63163049996365]
[471, 203.0373843999114]
[472, 203.40034389996435]
[473, 203.76424920000136]
[474, 204.26239209994674]
[475, 204.67950879991986]
[476, 205.1681307000108]
[477, 205.6198352999054]
[478, 209.73805519996677]
[479, 210.14516169996932]
[480, 210.6276474999031]
[481, 211.08522939996328]
[482, 211.5225383999059]
[483, 211.98148550000042]
[484, 212.4114244999364]
[485, 212.92143889993895]
[486, 213.36838090000674]
[487, 213.8649999999907]
[488, 214.2795674999943]
[489, 214.7704923999263]
[490, 215.19989899999928]
[491, 215.6217922999058]
[492, 216.05099089990836]
[493, 216.44956939993426]
[494, 216.89260459993966]
[495, 217.28004390001297]
[496, 217.79126929992344]
[497, 218.24010199995246]
[498, 218.65417210001033]
[499, 219.10565569996834]
[500, 219.5460767999757]
[501, 220.04355049994774]
[502, 220.47598879993893]
[503, 220.95092209998984]
[504, 221.3537795000011]
[505, 221.8604191999184]
[506, 222.30204109998886]
[507, 222.72430619993247]
[508, 223.13302969990764]
[509, 223.539089399972]
[510, 223.98851940000895]
[511, 224.4591866999399]
[512, 224.94771849992685]
[513, 225.44950250000693]
[514, 225.84234659990761]
[515, 226.27206499991007]
[516, 232.0310297999531]
[529, 232.1789174999576]
[530, 232.68373209994752]
[531, 233.14338099991437]
[532, 233.56968660000712]
[533, 234.03995619993657]
[534, 234.47427569993306]
[535, 234.90771289996337]
[536, 235.39726709993556]
[537, 235.83799699996598]
[538, 236.33501399995293]
[539, 236.84951859991997]
[540, 237.30222559999675]
[541, 237.78765359998215]
[542, 238.24639989994466]
[543, 243.03113709995523]
[544, 243.48555099999066]
[545, 243.94610189995728]
[546, 244.37347879994195]
[547, 244.93694049993064]
[548, 245.3562039999524]
[549, 245.7680608999217]
[550, 246.168634200003]
[551, 246.64844389993232]
[552, 247.117901599966]
[553, 247.63349649996962]
[554, 248.04360199999064]
[555, 248.56244549993426]
[556, 248.98455519997515]
[557, 249.44750369992107]
[558, 250.0003748999443]
[559, 250.4884835999692]
[560, 250.89827409991995]
[561, 251.37904949998483]
[562, 251.8266256999923]
[563, 252.2692856999347]
[564, 252.77164429996628]
[565, 253.19532729999628]
[566, 253.66978819994256]
[567, 254.0970997000113]
[568, 254.57192089990713]
[569, 254.99761959991883]
[570, 255.4725503999507]
[571, 255.9983849999262]
[572, 256.45690609992016]
[573, 256.90751449996606]
[574, 257.4784924999112]
[575, 257.9032745999284]
[576, 258.32845399994403]
[577, 258.79824349994306]
[578, 259.1817147999536]
[579, 259.66560439998284]
[580, 260.1388184999814]
[581, 265.8933684999356]
[595, 266.3106709999265]
[596, 266.7454904000042]
[597, 267.20829239999875]
[598, 267.72777989995666]
[599, 268.1828932999633]
[600, 268.61777779995464]
[601, 269.12534659996163]
[602, 269.56520199996885]
[603, 270.0170761999907]
[604, 270.59367739991285]
[605, 271.06627929990645]
[606, 271.5724766999483]
[607, 272.02543599996716]
[608, 277.72356790001504]
[609, 278.1598848999711]
[610, 278.70063559990376]
[611, 279.2311494000023]
[612, 279.6754143999424]
[613, 280.19973140000366]
[614, 280.64501239999663]
[615, 281.0564793999074]
[616, 281.49228000000585]
[617, 281.86040169990156]
[618, 282.3470059999963]
[619, 282.7831940999022]
[620, 283.20484309992753]
[621, 283.60023149999324]
[622, 284.055880800006]
[623, 284.48829199990723]
[624, 284.89458179997746]
[625, 285.32617539993953]
[626, 285.73411999992095]
[627, 286.0947635999182]
[628, 286.5345463999547]
[629, 286.9289684999967]
[630, 287.2915270999074]
[631, 287.75582969991956]
[632, 288.190742900013]
[633, 288.5998097999254]
[634, 289.0071348999627]
[635, 289.40804929996375]
[636, 289.8226890999358]
[637, 290.1889420999214]
[638, 290.5931657999754]
[639, 290.98407519992907]
[640, 291.4154289999278]
[641, 291.80519779992756]
[642, 292.23501239996403]
[643, 292.71553159994073]
[644, 293.08552059996873]
[645, 293.4625808999408]
[646, 299.1843124999432]
[661, 299.498645799933]
[662, 299.8710140999174]
[663, 300.2603888999438]
[664, 300.62114169995766]
[665, 301.02137989993207]
[666, 301.3792209000094]
[667, 301.7225877000019]
[668, 302.0730966000119]
[669, 302.478780800011]
[670, 302.80831359990407]
[671, 303.1782171999803]
[672, 303.5415454999311]
[673, 303.9646574999206]
[674, 304.37156709993724]
[675, 304.8826877999818]
[676, 305.29865389992483]
[677, 305.7259816000005]
[678, 306.09174529998563]
