3.8536588000133634
4.405157000059262
4.479908799985424
4.8192203000653535
5.816258299862966
6.815820999909192
7.817156200064346
8.816004399908707
9.81571300001815
10.815817099995911
11.816014799987897
12.816184099996462
13.815795500064269
14.816591099835932
15.816589300055057
16.81647149985656
17.816411699866876
18.81635749991983
19.81648479984142
20.816823499975726
21.81629700004123
22.81608029990457
23.816346399951726
24.817460299935192
25.816749199992046
26.867287899833173
27.82419710000977
28.823440699838102
29.82377879996784
30.82316689984873
31.824132199864835
32.823631200008094
33.82341229985468
34.82433520001359
35.82461389992386
36.82664610003121
37.823321999982
38.82417739997618
39.824440700002015
40.823650900041685
41.82354380004108
42.82332480000332
43.82474670000374
44.82452659984119
45.823533799964935
46.82363349990919
47.824637999990955
48.831273399991915
49.83573139994405
50.8262751000002
51.82652899995446
52.82553349994123
53.82536190003157
54.83181770006195
55.833634899929166
56.82956480002031
57.83178949984722
58.825334900058806
59.826290199998766
60.82891419995576
61.828249000012875
62.841437299968675
63.8362222998403
70.07252539996989
70.8291745998431
71.83350889990106
72.87755119986832
73.85603079991415
74.8489875998348
75.84663140005432
76.85482260002755
77.83408559998497
78.84159159986302
79.84261419996619
80.83890269999392
81.85085359984078
82.8385240000207
83.83101939992048
84.84016079991125
85.8305758999195
86.83037919993512
87.82990769995376
88.83125469996594
89.83813409996219
90.83241229993291
92.05537379998714
92.83301109983586
93.8350722999312
94.83385479985736
95.8336267999839
96.84075789991766
97.83434699987993
98.8371089999564
99.83453069999814
100.83814479992725
101.83459799992852
102.83615499990992
103.8361821998842
104.83760889992118
105.83684909995645
106.83530090004206
107.83371070004068
108.8364569998812
109.83443559985608
110.83493799995631
111.85218759998679
112.84603150002658
113.83479440002702
114.83623849996366
115.84041069983505
116.83416049997322
117.83549769991077
118.83592189988121
119.83436889993027
120.83670359989628
121.83389879995957
122.83424240001477
123.83525660005398
124.83580809994601
125.85446999990381
126.84244639985263
127.86685679992661
128.88007309986278
136.11381520004943
136.85195559985004
137.83804679987952
138.8471045999322
139.87698479997925
140.88559610000812
141.86348359985277
142.8907291998621
143.9148818999529
144.87208759994246
145.8844713999424
146.86616119998507
147.83849640004337
148.83823219989426
149.84159209998325
150.85974609991536
151.84317629993893
152.86254839994945
153.83525180001743
154.84308859985322
155.85310199996457
157.61482749995776
158.0248684999533
158.8611826999113
159.84944979986176
160.84550009993836
161.84793859999627
162.8743012000341
163.8413613999728
164.84323609992862
165.89214670006186
166.84055590000935
167.8411453999579
168.87635529995896
169.87609350006096
170.84086969983764
171.84228209988214
172.85134769999422
173.88303659996018
174.87863339995965
175.91075899987482
176.8520040998701
177.84116999991238
178.84072169987485
179.84744239994325
180.841917200014
181.83998980000615
182.84292449988425
183.84007679997012
184.84198639984243
185.84144899994135
186.84314049989916
187.84124609990977
188.84080590005033
189.8463572000619
190.8462264998816
191.84067039983347
192.84123219992034
193.84017909993418
200.07764049991965
200.83909170003608
201.86892449995503
202.84017889993265
203.87848169985227
204.94964839983732
205.86571569996886
206.89018850005232
207.8828348000534
208.87808819999918
209.9135700999759
210.9253026000224
211.89257999998517
212.8920458999928
213.90757140005007
214.86707819998264
215.90947870002128
216.89080010005273
217.88366930000484
218.8573652000632
219.85188259999268
220.84375200001523
222.60416830005124
222.92540879989974
223.84610379999503
224.85281609999947
225.84810959990136
226.8481912999414
227.84677869989537
228.84827960003167
229.84598669991829
230.84924670006149
231.8508808000479
232.84714119997807
233.84848099993542
234.85324979992583
235.84706669999287
236.85009089997038
237.84552309988067
238.84905449999496
239.84832299989648
240.8477129000239
241.84680679999292
242.84761040005833
243.8514237999916
244.84862379985861
245.86047989991494
246.86072349990718
247.84660930000246
248.85032249987125
249.8939870998729
250.84585789986886
251.84916420001537
252.84703409997746
253.85436300002038
254.85378480004147
255.84751489991322
256.85020220000297
257.849198800046
258.8485500998795
265.02365810004994
265.8455336999614
266.84487150004134
267.8438303999137
268.84385329997167
269.84656219999306
270.851775099989
271.85214630002156
272.8493740998674
273.85651850001886
274.858845599927
275.85010489984415
276.84960870002396
277.8528588998597
278.8481940999627
279.8463343998883
280.8560786000453
281.849223600002
282.8486871998757
283.8494911000598
284.8495457000099
285.85260579991154
287.89559249999
288.2166267998982
288.90243749995716
289.85822919989005
290.8587412000634
291.8692856999114
292.86460989993066
293.85518319997936
294.85231549991295
295.868824099889
296.85439260001294
297.8535282998346
298.8521738999989
299.85679479991086
300.85486289998516
301.8533554999158
302.85468830005266
303.85401719994843
304.85365439997986
305.85391439986415
306.8556063999422
307.85217870003544
308.86386729986407
309.86084049986675
310.8558761999011
311.85381800006144
312.85678120004013
313.853670099983
314.855123499874
315.8571698998567
316.8538197998423
317.85508259991184
318.87730199983343
319.85283320001327
320.8652333000209
321.8539521000348
322.8564947999548
323.8603383998852
330.111773399869
330.85009899991564
331.8545623999089
332.85090589988977
333.8603620000649
334.8704685999546
335.85193799994886
336.8646164999809
337.85740439989604
338.85912859998643
339.896454700036
340.86895449995063
341.85517679993063
342.85497500002384
343.9023257999215
344.8604170999024
345.8731192999985
346.85577719984576
347.85596899990924
348.8628825000487
349.9009519999381
350.93213209998794
353.42099489993416
353.749624799937
354.06115660001524
354.86804169998504
355.8919174000621
356.86356940004043
357.8727036998607
358.87285250006244
359.91929299989715
360.8788468998391
361.87730819988064
362.8815365000628
363.8644482998643
364.87299730000086
365.8626599998679
366.8879152999725
367.87204979988746
368.863451999845
369.87227179994807
370.8844560999423
371.86905639991164
372.86695419996977
373.86946769990027
374.86817519995384
375.86310589988716
376.89020129991695
377.8703900000546
378.86619720002636
379.8687442999799
380.8681609998457
381.8723670998588
382.87680139997974
383.86541169998236
384.86788489995524
385.8654185999185
386.89450229983777
387.8965731000062
388.8746444999706
395.29081419995055
395.860832599923
396.88100799988024
397.86091529997066
398.8677133000456
399.86819899990223
400.8755667998921
401.86403599986807
402.87480089999735
403.8631613999605
404.86256809998304
405.8630076998379
406.864809300052
407.8626293998677
408.8623802000657
409.8726739999838
410.8821195999626
411.870134399971
412.8786335999612
413.8732558998745
414.8683108999394
415.8725286000408
419.12569410004653
419.5305379999336
420.003786199959
420.4365886999294
420.92284579994157
421.91348539991304
422.9195903998334
423.919850199949
424.9056315999478
425.9251635998953
426.90132289985195
427.920721600065
428.90771319996566
429.91482579987496
430.89702240005136
431.9051448998507
432.90347679983824
433.8927788999863
434.9109245999716
435.90267300000414
436.899228699971
437.90000290004537
438.913503699936
439.95075550000183
440.8948599998839
441.89626409998164
442.91566980001517
443.8902743998915
445.0175910999533
445.90533269988373
446.8914295998402
447.89732249989174
448.9022536999546
449.9352960998658
450.88671889994293
451.9055667000357
452.90097049996257
453.9086599999573
460.18109610001557
460.89501370000653
461.8963585998863
462.8951395000331
463.88936769985594
464.88732869992964
465.9056990998797
466.892361999955
467.91377800004557
468.90038349991664
469.90737070003524
470.90183990006335
471.89518489991315
472.90310969995335
473.90275519993156
474.88497460004874
475.90774559997953
476.897309999913
477.9094417998567
478.902174100047
479.9019313000608
480.89977469993755
484.36771799996495
484.7366922998335
485.1658562000375
485.5941643998958
486.0343448999338
486.9233721999917
487.92941979994066
488.9171879000496
489.9244572999887
490.9176634999458
491.9200108998921
492.9132215999998
493.9012000998482
494.9167734000366
495.9006052999757
496.9048796999268
497.9149859000463
498.9094652000349
499.91848089988343
500.90706570004113
501.92387939989567
502.92350529995747
503.909355700016
504.921325000003
505.90010689990595
506.90852609998547
507.91867409995757
508.9136184998788
509.89632429997437
510.9088317998685
511.9151234999299
512.8987727998756
513.9188438998535
514.9123724999372
515.9047520998865
516.9129506999161
517.9084612999577
518.9205567999743
525.0090625998564
525.9075559000485
526.9018918999936
527.9031253999565
528.9143978999928
529.9210430998355
530.9154254999012
531.9047518000007
532.9137492999434
533.9250016999431
534.9264199999161
535.9205946999136
536.925588299986
537.913667100016
538.9141285000369
539.9457588000223
540.9255679999478
541.9248373999726
542.9153845000546
543.9150449999142
544.8985927000176
545.9144524000585
550.0264689999167
550.4154147000518
550.8524569999427
551.3222395998891
551.7733078000601
552.2144509998616
552.9270752000157
553.9224910999183
554.9267478999682
555.9252838999964
556.9389005999546
557.9232763999607
558.9335684999824
559.9123080999125
560.9171461998485
561.9277651999146
562.9016684999224
563.9267016998492
564.9287227999885
565.9270677999593
566.9339679998811
567.9271223000251
568.9399792999029
569.9232326999772
570.9290879999753
571.9265922000632
572.9152867000084
573.9283747998998
574.9318774999119
575.9354230000172
576.9149056000169
577.9316825999413
578.919054799946
579.9270138998982
580.9376997000072
581.9088002999779
582.9416367998347
583.9303824000526
590.2591792000458
590.9099738998339
591.9185114998836
592.9355233998504
593.917765500024
594.9380399999209
595.9208341999911
596.9213139000349
597.9107522999402
598.9224008999299
599.9332325998694
600.926451300038
601.9386906998698
602.9290289999917
603.9385277999099
604.9272712999955
605.934833599953
606.9274792999495
607.9243948999792
608.9338624998927
609.9348416998982
610.9353542998433
615.5077823000029
615.9104929000605
616.3729222000111
616.8786057999823
617.336106200004
617.7742720998358
618.1781504000537
618.9050731000025
619.907123999903
620.9038928998634
621.9168842998333
622.9023151998408
623.9059671999421
624.9194068999495
625.9335684999824
626.9053744999692
627.908672099933
628.9032916999422
629.9115460000467
630.9052408998832
631.909650699934
632.9078059999738
633.902532499982
634.9088015998714
635.9069254999049
636.9120664999355
637.9034380000085
638.9094539000653
639.9338855999522
640.9045154000632
641.9042229999322
642.9067299000453
643.9060269000474
644.9026132998988
645.9147908999585
646.9072320000269
647.9028225999791
648.9144798000343
655.2593342999462
655.9095482998528
656.8981816000305
657.9058522998821
658.9020769000053
659.9048883998767
660.9094334000256
661.9021825999953
662.9179565999657
663.906726700021
664.9054809999652
665.917105600005
666.9043421999086
667.903893099865
668.9235646000598
670.0477356000338
670.9261312000453
671.9064529999159
672.9060376000125
673.907172499923
674.9191258999053
675.9091034999583
676.9058967998717
677.9047054999974
678.9063496000599
679.9047586000524
680.9102803999558
681.9115418000147
682.9057161000092
