[0, 1.3146758000002592]
[1, 1.3164119000011851]
[0, 1.402416800001447]
[1, 1.6564861000006204]
[2, 1.91726430000017]
[3, 2.1802099000015005]
[4, 2.4464896000008594]
[5, 2.693477000000712]
[6, 2.9434553000010055]
[7, 3.1991057000013825]
[8, 3.449189800001477]
[9, 3.7031220000008034]
[10, 4.002303100000063]
[11, 4.248835900001723]
[12, 4.506072400001358]
[13, 4.751264500000616]
[14, 5.003650800001196]
[15, 5.256819100000939]
[16, 5.503964400000768]
[17, 5.769920900000216]
[18, 6.017985800001043]
[19, 6.270230300000549]
[20, 6.603882300001715]
[21, 6.85041750000164]
[22, 7.09905560000152]
[23, 7.475817000000461]
[24, 7.787976500001605]
[25, 8.073926900000515]
[26, 8.3704241000014]
[27, 8.667261200000212]
[28, 9.051111800001308]
[29, 9.247240300001067]
[30, 9.639271000000008]
[31, 9.936923300001581]
[32, 10.231801700001597]
[33, 10.516321000000971]
[34, 10.815169600000445]
[35, 11.106912300001568]
[36, 11.383705200001714]
[37, 11.684602300001643]
[38, 11.959446300001218]
[39, 12.245660500000668]
[40, 12.708511100001488]
[41, 13.005410900001152]
[42, 13.301026300001467]
[43, 13.590776000000915]
[44, 13.891821500001242]
[45, 14.184250600001178]
[46, 14.477023900000859]
[47, 14.774432300000626]
[48, 15.067701800000577]
[49, 15.35660100000132]
[50, 15.884754000000612]
[51, 16.205606100000296]
[52, 16.5019665000018]
[53, 16.796370700001717]
[54, 17.07504980000158]
[55, 17.377839000000677]
[56, 17.67493520000062]
[57, 17.973058200001105]
[58, 18.279708300000493]
[59, 18.581397200001447]
[60, 19.161233700000594]
[61, 19.46127230000093]
[62, 19.75648540000111]
[63, 20.064131900000575]
[64, 20.363791600000695]
[65, 20.663351500001227]
[66, 20.964990800001033]
[67, 21.26185920000171]
[68, 21.55750750000152]
[69, 21.85396100000071]
[70, 22.450647100000424]
[71, 22.749368100001448]
[72, 23.043684000000212]
[73, 23.32850160000089]
[74, 23.629220600001645]
[75, 23.92542990000038]
[76, 24.222878600001422]
[77, 24.518207700000858]
[78, 24.812297900001795]
[79, 25.110129800001232]
[80, 25.768290000001798]
[81, 26.0498733000004]
[82, 26.35523600000124]
[83, 26.653699600001346]
[84, 26.95409440000003]
[85, 27.240282800001296]
[86, 27.52396410000074]
[87, 27.828681900000447]
[88, 28.12497860000076]
[89, 28.425091900000552]
[90, 29.12800040000002]
[91, 29.420265400000062]
[92, 29.717088700001113]
[93, 30.0096551000006]
[94, 30.307255200001237]
[95, 30.59343070000068]
[96, 30.886614000000918]
[97, 31.176175000000512]
[98, 31.47753030000058]
[99, 31.778740800000378]
[100, 32.07441330000074]
[101, 32.36967430000004]
[102, 32.65949300000102]
[103, 32.95956370000022]
[104, 33.25394190000043]
[105, 33.54864550000093]
[106, 33.84206380000069]
[107, 34.13646280000103]
[108, 34.43458250000003]
[109, 34.718099300000176]
[110, 35.038790900000095]
[111, 35.33226370000011]
[112, 35.642728400000124]
[113, 35.940413100001024]
[114, 36.241514900000766]
[115, 36.535741800000324]
[116, 36.834760200001256]
[117, 37.13101870000173]
[118, 37.43656750000082]
[119, 37.7318006000005]
[120, 38.034777900000336]
[121, 38.33013000000028]
[122, 38.62673370000084]
[123, 38.92594790000112]
[124, 39.22319720000087]
[125, 39.51838210000096]
[126, 39.83976730000177]
[127, 40.19258980000086]
[128, 40.5282614000007]
[129, 40.85480050000115]
[130, 41.14945030000126]
[131, 41.44635020000169]
[132, 41.741062500001135]
[133, 42.030895600000804]
[134, 42.323933300000135]
[135, 42.60936650000076]
[136, 42.91309580000052]
[137, 43.22260710000046]
[138, 43.54026650000014]
[139, 43.83974770000168]
[140, 44.15668280000136]
[141, 44.473689400001604]
[142, 44.79905470000085]
[143, 45.12159370000154]
[144, 45.43751300000076]
[145, 45.73541690000093]
[146, 46.05235610000091]
[147, 46.36700210000163]
[148, 46.688404000000446]
[149, 47.00446770000053]
[150, 47.319665000000896]
[151, 47.627289300000484]
[152, 47.94250060000013]
[153, 48.24328490000153]
[154, 48.55344740000146]
[155, 48.84220720000121]
[156, 49.1992007000008]
[157, 49.612985700001445]
[158, 49.95193930000096]
[159, 50.23785190000126]
[160, 50.55890340000042]
[161, 50.82823030000145]
[162, 51.1552141000011]
[163, 51.41127320000123]
[164, 51.749391400000604]
[165, 52.03903330000139]
[166, 52.35931730000084]
[167, 52.66115610000088]
[168, 52.98534110000037]
[169, 53.28676030000133]
[170, 53.60879770000065]
[171, 53.89227210000172]
[172, 54.21722970000155]
[173, 54.508727100001124]
[174, 54.8559163000009]
[175, 55.14173280000068]
[176, 55.46916930000043]
[177, 55.769778300000326]
[178, 56.136079800000516]
[179, 56.40038410000125]
[180, 56.71145190000061]
[181, 57.036028100001204]
[182, 57.34839280000051]
[183, 57.66204490000018]
[184, 57.99136140000155]
[185, 58.312551100001656]
[186, 58.634588600001734]
[187, 58.9010629000004]
[188, 59.21391730000141]
[189, 59.5419765000006]
[190, 59.86310720000074]
[191, 60.139348800001244]
[192, 60.47202440000001]
[193, 60.786316000001534]
[194, 61.09797520000029]
[195, 61.41022340000018]
[196, 61.72616620000008]
[197, 62.05343190000167]
[198, 62.34717140000066]
[199, 62.72354990000167]
[200, 63.06743160000042]
[201, 63.38391210000009]
[202, 63.70012550000138]
[203, 64.00871010000083]
[204, 64.32983770000101]
[205, 64.62849260000075]
[206, 64.95817980000174]
[207, 65.27986530000089]
[208, 65.61587830000099]
[209, 65.90786900000057]
[210, 66.24757840000166]
[211, 66.52736040000127]
[212, 66.86956800000007]
[213, 67.14379870000084]
[214, 67.48587790000056]
[215, 67.76966000000175]
[216, 68.11428910000177]
[217, 68.4020300000011]
[218, 68.74276100000134]
[219, 69.02854770000158]
[220, 69.39226130000134]
[221, 69.6592356000001]
[222, 70.02278120000119]
[223, 70.28610600000138]
[224, 70.63897090000137]
[225, 70.90681280000172]
[226, 71.25444630000129]
[227, 71.53662260000056]
[228, 71.88447140000062]
[229, 72.1518139000018]
[230, 72.50828850000107]
[231, 72.76962170000115]
[232, 73.12652460000027]
[233, 73.39595740000004]
[234, 73.75269840000146]
[235, 74.00940920000176]
[236, 74.37211660000139]
[237, 74.63670590000038]
[238, 74.99653150000086]
[239, 75.25646150000102]
[240, 75.54610430000139]
[241, 75.86814850000155]
[242, 76.18558830000075]
[243, 76.50030650000008]
[244, 76.81933130000107]
[245, 77.11735090000002]
[246, 77.44143010000153]
[247, 77.7561837000012]
[248, 78.08154940000168]
[249, 78.39613840000129]
[250, 78.71475080000164]
[251, 79.03809270000056]
[252, 79.36779080000088]
[253, 79.6980607000005]
[254, 80.02225970000109]
[255, 80.34316890000082]
[256, 80.66584180000063]
[257, 80.98580010000114]
[258, 81.30502540000089]
[259, 81.62038630000097]
[260, 81.9448553000002]
[261, 82.26982600000156]
[262, 82.58647010000095]
[263, 82.96604090000073]
[264, 83.29713190000075]
[265, 83.59050230000139]
[266, 83.89161980000063]
[267, 84.20511350000015]
[268, 84.56275720000122]
[269, 84.799035]
[270, 85.16904810000051]
[271, 85.43699310000011]
[272, 85.80292880000161]
[273, 86.07024840000122]
[274, 86.44172850000177]
[275, 86.70135930000106]
[276, 87.06741180000063]
[277, 87.32366420000108]
[278, 87.68858510000064]
[279, 87.94463450000148]
[280, 88.32571830000052]
[281, 88.57079120000162]
[282, 88.94546690000061]
[283, 89.17885110000134]
[284, 89.54553790000136]
[285, 89.80231560000175]
[286, 90.18259430000035]
[287, 90.43713220000063]
[288, 90.82683280000128]
[289, 91.03960570000163]
[290, 91.42022090000137]
[291, 91.65742060000048]
[292, 92.04005140000118]
[293, 92.25414270000147]
[294, 92.62944290000087]
[295, 92.82920960000047]
[296, 93.21452920000047]
[297, 93.45329690000108]
[298, 93.83469170000171]
[299, 94.08519930000148]
[300, 94.4020300000011]
[301, 94.71695340000042]
[302, 95.0316023000014]
[303, 95.35721860000012]
[304, 95.6650238000002]
[305, 95.98737840000103]
[306, 96.29049060000034]
[307, 96.60981280000124]
[308, 96.91251490000104]
[309, 97.25299590000031]
[310, 97.58265340000071]
[311, 97.93825350000043]
[312, 98.29038540000147]
[313, 98.62332930000048]
[314, 98.93999030000123]
[315, 99.25589340000079]
[316, 99.57303480000155]
[317, 99.92395220000071]
[318, 100.28549130000101]
[319, 100.64071160000094]
[320, 100.97175100000095]
[321, 101.29889120000007]
[322, 101.6222783000012]
[323, 101.95068620000166]
[324, 102.21723670000029]
[325, 102.50404760000129]
[326, 102.80882090000159]
[327, 103.12784840000131]
[328, 103.52558840000165]
[329, 103.74673380000058]
[330, 104.13822690000052]
[331, 104.36112830000093]
[332, 104.76312400000097]
[333, 104.92670640000142]
[334, 105.31755830000111]
[335, 105.5251827000011]
[336, 105.92580790000102]
[337, 106.1125318000013]
[338, 106.51001800000085]
[339, 106.66117730000042]
[340, 107.05605880000076]
[341, 107.23262270000123]
[342, 107.64847770000051]
[343, 107.82760960000087]
[344, 108.41298430000097]
[345, 108.55798630000027]
[346, 108.9703081000007]
[347, 109.16796450000038]
[348, 109.56248560000131]
[349, 109.73764930000107]
[350, 110.14098780000131]
[351, 110.38988850000169]
[352, 110.7969432000009]
[353, 110.99495920000118]
[354, 111.40642800000023]
[355, 111.62300210000103]
[356, 112.03741530000116]
[357, 112.24513190000107]
[358, 112.67058050000014]
[359, 112.87288940000144]
[360, 113.1849645000002]
[361, 113.51146970000082]
[362, 113.81994020000093]
[363, 114.1527025000014]
[364, 114.45809330000156]
[365, 114.79724460000034]
[366, 115.12353510000139]
[367, 115.40274720000161]
[368, 115.7546628]
[369, 116.09163310000076]
[370, 116.39615930000036]
[371, 116.7213352000017]
[372, 117.05203820000133]
[373, 117.37698360000104]
[374, 117.68745160000071]
[375, 118.00756710000132]
[376, 118.32827510000061]
[377, 118.65710440000112]
[378, 118.97692840000127]
[379, 119.29658490000111]
[380, 119.62456470000143]
[381, 119.9456818000017]
[382, 120.26914000000033]
[383, 120.59725340000114]
[384, 120.91922090000116]
[385, 121.23741820000032]
[386, 121.56006720000005]
[387, 121.89084350000121]
[388, 122.31130430000121]
[389, 122.49274200000036]
[390, 122.92749290000029]
[391, 123.11798170000111]
[392, 123.54482460000145]
[393, 123.742569]
[394, 124.16839670000081]
[395, 124.37562140000045]
[396, 124.81695020000006]
[397, 124.99960140000076]
[398, 125.44017180000083]
[399, 125.63421650000055]
[400, 126.07193870000083]
[401, 126.25855150000098]
[402, 126.69485270000041]
[403, 126.89168400000017]
[404, 127.31739780000134]
[405, 127.52634790000047]
[406, 127.96973470000012]
[407, 128.17402550000043]
[408, 128.62028630000168]
[409, 128.81435310000052]
[410, 129.2455856000015]
[411, 129.43693970000095]
[412, 129.87753310000153]
[413, 130.05166980000104]
[414, 130.4936290000005]
[415, 130.67509210000026]
[416, 131.12222380000094]
[417, 131.2976948000014]
[418, 131.74067420000029]
[419, 131.91880740000124]
[420, 132.23530800000117]
[421, 132.55696570000146]
[422, 132.88648140000078]
[423, 133.20221970000057]
[424, 133.53553850000026]
[425, 133.92935920000127]
[426, 134.25977310000053]
[427, 134.57872940000016]
[428, 134.8981891000003]
[429, 135.2138659000011]
