[0, 4.337124699988635]
[1, 4.337758599984227]
[0, 4.42201589999604]
[1, 6.4247195000061765]
[2, 8.173714200005634]
[3, 9.825346300000092]
[4, 11.658755099982955]
[5, 13.36049130000174]
[6, 15.045952699991176]
[7, 16.89106749999337]
[8, 18.92180680000456]
[9, 20.89888449999853]
[10, 23.114566100004595]
[11, 25.19312229999923]
[12, 27.1691576000012]
[13, 28.957427499990445]
[14, 30.596529300004477]
[15, 32.42746010000701]
[16, 34.21064770000521]
[17, 36.30123049998656]
[18, 38.40848879999248]
[19, 40.51627150000422]
[20, 42.91120040000533]
[21, 45.85104389998014]
[22, 48.53980669999146]
[23, 50.688061499997275]
[24, 52.634219700004905]
[25, 54.663822600006824]
[26, 56.753024400008144]
[27, 58.813641199987615]
[28, 60.76573189999908]
[29, 62.70351699998719]
[30, 65.06467809999594]
[31, 67.21501049998915]
[32, 69.19272629998159]
[33, 71.86126209999202]
[34, 74.15095300000394]
[35, 76.59149950000574]
[36, 78.60944410000229]
[37, 80.83952099998714]
[38, 83.49898969999049]
[39, 85.63296919999993]
[40, 87.8746714000008]
[41, 89.93900099999155]
[42, 92.20890999998664]
[43, 94.06247189998976]
[44, 96.0039942000003]
[45, 98.5495178999845]
[46, 100.80303559999447]
[47, 102.83020939998096]
[48, 104.87888879998354]
[49, 107.00536740000825]
[50, 109.25435509998351]
[51, 111.37883830000646]
[52, 113.38884770000004]
[53, 115.37996930000372]
[54, 117.35572689998662]
[55, 119.281235500006]
[56, 121.40830720000667]
[57, 123.51079529998242]
[58, 125.46368009998696]
[59, 127.4218186000071]
[60, 129.77308179999818]
[61, 135.52815040000132]
[63, 136.01993929999298]
[64, 138.49131019998458]
[65, 141.7304371999926]
[66, 144.60098160000052]
[67, 148.19658610000624]
[68, 150.43079059998854]
[69, 152.4170758999826]
[70, 154.7057838999899]
[71, 156.72266020000097]
[72, 158.67471950000618]
[73, 160.6121625000087]
[74, 162.57428380000056]
[75, 165.05611959999078]
[76, 167.34760079998523]
[77, 169.83231779999915]
[78, 172.20762739999918]
[79, 174.2142574999889]
[80, 176.5048317000037]
[81, 178.4312752999831]
[82, 180.32152299999143]
[83, 182.56179639999755]
[84, 184.7725097000075]
[85, 186.84415499999886]
[86, 188.76187159999972]
[87, 190.79366830000072]
[88, 192.79296160000376]
[89, 194.63255189999472]
[90, 196.858722999983]
[91, 198.84827139999834]
[92, 200.86342680000234]
[93, 203.09510589999263]
[94, 204.99677639998845]
[95, 206.9042678999831]
[96, 208.9051102999947]
[97, 210.9006679999875]
[98, 212.91664360000868]
[99, 214.915637099999]
[100, 216.84160329998122]
[101, 218.77041949998238]
[102, 220.7530265999958]
[103, 222.7684660999803]
[104, 224.69587769999634]
[105, 226.71564949999447]
[106, 228.74493280000752]
[107, 230.57624829999986]
[108, 232.502794]
[109, 234.52573259998462]
[110, 236.54818969999906]
[111, 238.55259939999087]
[112, 240.43817300000228]
[113, 242.4562226999842]
[114, 244.3288862000045]
[115, 246.24043129998608]
[116, 248.24493109999457]
[117, 250.4971855999902]
[118, 252.48709129999042]
[119, 254.34460499999113]
[120, 256.28033139999025]
[121, 258.2467834999843]
[122, 260.2051016000041]
[123, 262.62502649999806]
[124, 264.8477237999905]
[125, 267.1291110999882]
[126, 272.99088179998216]
[128, 274.6202121999813]
[129, 277.1834220000019]
[130, 279.63784479998867]
[131, 282.2913439999975]
[132, 284.56794529999024]
[133, 287.09256489999825]
[134, 289.2838411999983]
[135, 291.47910820000106]
[136, 293.5489960999985]
[137, 295.69733789999736]
[138, 297.8521608999872]
[139, 300.56733489999897]
[140, 303.0136004999804]
[141, 305.3385330000019]
[142, 307.61238390000653]
[143, 309.8356926999986]
[144, 311.94483039999614]
[145, 314.1838560999895]
[146, 316.44545749999816]
[147, 318.57877789999475]
[148, 320.61298199999146]
[149, 323.05010429999675]
[150, 325.14385120000225]
[151, 327.2723326999985]
[152, 329.4454288999841]
[153, 331.65898229999584]
[154, 333.7799100999837]
[155, 336.10468359998777]
[156, 338.4198458000028]
[157, 340.5245360999834]
[158, 343.1874707999814]
[159, 345.4526707000041]
[160, 347.57273640000494]
[161, 349.8343812999956]
[162, 352.08397310000146]
[163, 354.49665479999385]
[164, 356.47493759999634]
[165, 358.3625710000051]
[166, 360.68276339999284]
[167, 363.1438372999837]
[168, 366.4563761999889]
[169, 369.40962029999355]
[170, 372.97861329998705]
[171, 375.55911939998623]
[172, 377.5467003000085]
[173, 380.4147701000038]
[174, 383.0882614000002]
[175, 385.05719809999573]
[176, 387.2056708000018]
[177, 389.51337860000785]
[178, 391.6227988000028]
[179, 393.47670490000746]
[180, 395.2971628999803]
[181, 397.318325500004]
[182, 399.3622250999906]
[183, 402.08658780000405]
[184, 404.49632619999466]
[185, 406.73899829998845]
[186, 408.7933694999956]
[187, 410.67557259998284]
[188, 412.50239179999335]
[189, 414.4031917999964]
[190, 416.2970387999958]
[191, 421.8758072000055]
[194, 423.4820519000059]
[195, 425.3386612999893]
[196, 427.89469149999786]
[197, 429.8537413000013]
[198, 431.68479279999156]
[199, 433.56166939999093]
[200, 435.39798869998776]
[201, 437.23974649998127]
[202, 439.07231590000447]
[203, 441.0817395999911]
[204, 443.55542990000686]
[205, 446.00556429999415]
[206, 448.47047659999225]
[207, 450.4538578999927]
[208, 452.60450590000255]
[209, 454.5191961999808]
[210, 456.66182209999533]
[211, 458.6946515000018]
[212, 460.7931294000009]
[213, 462.96958609999274]
[214, 464.89647859998513]
[215, 466.93634980000206]
[216, 468.93867459998]
[217, 470.97986530000344]
[218, 473.01661679998506]
[219, 474.99903720000293]
[220, 477.1837033999909]
[221, 479.3217231000017]
[222, 481.2953857999819]
[223, 483.3118547000049]
[224, 485.38163930000155]
[225, 487.36048020000453]
[226, 489.3244937999989]
[227, 491.77437500000815]
[228, 494.14660350000486]
[229, 496.0282881000021]
[230, 498.03134299998055]
[231, 500.13029030000325]
[232, 502.4647505999892]
[233, 504.5852411999949]
[234, 506.6149422999879]
[235, 508.4552076999971]
[236, 510.404786900006]
[237, 512.2443052000017]
[238, 514.1168204999994]
[239, 516.1649466999806]
[240, 518.1770552999806]
[241, 521.0512108999828]
[242, 523.3855630999897]
[243, 525.6632545999892]
[244, 527.7981388999906]
[245, 530.1327275999938]
[246, 532.3331321000005]
[247, 534.5420822000015]
[248, 536.8604469999846]
[249, 539.1097060999891]
[250, 541.013569999981]
[251, 543.0209691000055]
[252, 545.1109422000009]
[253, 547.1936654000019]
[254, 549.5199431999936]
[255, 552.1069572999841]
[256, 557.8101685000001]
[258, 557.8256765999831]
[259, 559.9282997999981]
[260, 562.5913843000017]
[261, 564.9410708000069]
[262, 567.2895348999882]
[263, 569.8828364000074]
[264, 572.6314405000012]
[265, 574.6211571999884]
[266, 576.6994827000017]
[267, 578.6139173999836]
[268, 580.6667263999989]
[269, 582.6042825999903]
[270, 584.6946949999838]
[271, 586.8238953999826]
[272, 588.8489701999933]
[273, 590.8685198999883]
[274, 592.9386485999858]
[275, 594.9809154999966]
[276, 597.1086137999955]
[277, 599.2429655999877]
[278, 601.5855310999905]
[279, 603.7261634999886]
[280, 605.8540419999918]
[281, 608.3020277000032]
[282, 610.4148634999874]
[283, 612.3799241999805]
[284, 614.5825293999806]
[285, 616.5527539000032]
[286, 618.6842955999891]
[287, 620.9716985999839]
[288, 623.4194179000042]
[289, 625.655729399994]
[290, 627.793407899997]
[291, 630.437074299989]
[292, 633.3187670999905]
[293, 636.4138274999859]
[294, 639.1653593999799]
[295, 641.8386911999842]
[296, 644.2839544999879]
[297, 647.6726832999848]
[298, 651.163607399998]
[299, 653.3505914999987]
[300, 655.9012902999821]
[301, 658.022281499987]
[302, 660.4029870000086]
[303, 662.405131699983]
[304, 664.4791324999824]
[305, 667.115443799994]
[306, 669.3469186000002]
[307, 671.8673168999958]
[308, 673.9276940999844]
[309, 675.9054663999996]
[310, 677.8654190999805]
[311, 680.0367106999911]
[312, 683.0423031999962]
[313, 685.4534701999801]
[314, 687.5233348000038]
[315, 690.0454019999888]
[316, 692.8123985999846]
[317, 695.107740699983]
[318, 697.7960363999882]
[319, 700.1953364000074]
[320, 702.4131272000086]
[321, 708.2223942999844]
[324, 710.8196051999985]
[325, 713.0753522999876]
[326, 715.1004680999904]
[327, 717.2360837000015]
[328, 719.8973170999961]
[329, 721.8938494999893]
[330, 723.8377548999852]
[331, 725.8381492999906]
[332, 728.0512971999997]
[333, 731.5115723999916]
[334, 734.907343800005]
[335, 737.0532324999804]
[336, 739.3177099000022]
[337, 741.9828901999863]
[338, 745.0545118000009]
[339, 748.288911599986]
[340, 753.2213760000013]
[341, 757.8981626000023]
[342, 762.3548050999816]
[343, 771.8363540999999]
[344, 776.603726500005]
[345, 781.2400204000005]
[346, 786.2870097999985]
[347, 790.7688463999948]
[348, 797.1921207999985]
[349, 805.8195351999893]
[350, 809.9373630000046]
[351, 813.1459018999885]
[352, 815.6940958999912]
[353, 818.3031875999877]
[354, 820.4480885999801]
[355, 822.8713543000049]
[356, 825.4340089999896]
[357, 827.7334142999898]
[358, 829.886442499992]
[359, 832.3924650999834]
[360, 834.4392990999913]
[361, 836.6571619999886]
[362, 838.789343899989]
[363, 840.9738291999965]
[364, 843.1245530000015]
[365, 845.2907215000014]
[366, 847.4320737999806]
[367, 849.5822810999816]
[368, 852.3647657999827]
[369, 856.2499404999835]
[370, 858.4247094999882]
[371, 861.0761486999982]
[372, 863.4278677999973]
[373, 865.597740199999]
[374, 867.6423247999919]
[375, 869.7871273999917]
[376, 871.8764421999804]
[377, 873.8943757000088]
[378, 875.9155241999833]
[379, 877.9980880999938]
[380, 880.1089105999854]
[381, 882.2205598999863]
[382, 884.2799059999816]
[383, 886.4620161000057]
[384, 888.5327877999807]
[385, 890.5789904999838]
[386, 896.4199948000023]
[389, 898.377296199993]
[390, 900.3763730000064]
[391, 902.557401500002]
[392, 904.5888125000056]
[393, 906.6641248000087]
[394, 908.7145354999811]
[395, 910.762181099999]
[396, 912.7924047999841]
[397, 914.8189697999915]
[398, 916.8317287999962]
[399, 918.8273213999928]
[400, 920.8943985000078]
[401, 923.2106788999808]
[402, 925.2466400999983]
[403, 927.3411285000038]
[404, 929.4211554999929]
[405, 931.5425303000084]
[406, 933.5521308000025]
[407, 935.5099263000011]
[408, 937.5775023000024]
[409, 939.6567867999838]
[410, 941.7588460999832]
[411, 943.8324469999934]
[412, 945.9278034000017]
[413, 947.9305268999888]
[414, 949.8960083999846]
[415, 951.9663145999948]
[416, 953.9864576999971]
[417, 956.0539341999975]
[418, 958.0812190999859]
[419, 960.1596392999927]
[420, 962.302065099997]
[421, 964.3447438000003]
[422, 966.3727830999997]
[423, 968.420958200004]
[424, 970.4347418999823]
[425, 972.5759813000041]
[426, 974.6448928999889]
[427, 976.7042619999847]
[428, 978.7686601000023]
[429, 980.7991541000083]
[430, 983.1453268000041]
[431, 985.2380898999982]
[432, 987.2679036000045]
[433, 989.2973199999833]
[434, 991.379532299994]
[435, 993.6028379999916]
[436, 995.6689388999948]
[437, 997.6645470999938]
[438, 999.6918579000048]
[439, 1001.7905146999983]
[440, 1003.8611589999928]
[441, 1005.9092125000025]
[442, 1007.9028529000061]
[443, 1009.9112241999828]
[444, 1011.915738199983]
[445, 1013.976533899986]
[446, 1015.9778057000076]
[447, 1018.0529330999998]
[448, 1020.025968300004]
[449, 1022.0302703999914]
[450, 1024.124894699984]
[451, 1029.8954586999898]
[454, 1031.877512499981]
[455, 1034.0304919999908]
[456, 1036.0778834999946]
[457, 1038.167571500002]
[458, 1040.229459299997]
[459, 1042.5188410999835]
[460, 1044.7007920999895]
[461, 1046.8224970999872]
[462, 1048.9190319000045]
[463, 1050.9572200999828]
[464, 1053.0198653999832]
[465, 1055.0892456999863]
[466, 1057.1260174000054]
[467, 1059.2102222999965]
[468, 1061.23865449999]
[469, 1063.2948628999875]
[470, 1065.3574160999851]
[471, 1067.3776298000012]
[472, 1069.4040663999913]
[473, 1071.449283199996]
[474, 1073.5052309999883]
[475, 1075.5541561999999]
[476, 1077.6495600999915]
[477, 1079.7221871000074]
[478, 1081.831146499986]
[479, 1083.8420631999907]
[480, 1085.8945712999848]
[481, 1087.9753248000052]
[482, 1090.0773386000074]
[483, 1092.1406930999947]
[484, 1094.215875199996]
[485, 1096.2747188000067]
[486, 1098.3111109999882]
[487, 1100.376152199984]
[488, 1102.7690151999996]
[489, 1104.8898708999914]
[490, 1106.9055073999916]
[491, 1108.9395875000046]
[492, 1111.005175600003]
[493, 1113.0436044999806]
[494, 1115.1241801999859]
[495, 1117.1805056000012]
[496, 1119.4630105999822]
[497, 1121.573307899991]
[498, 1123.6523127999972]
[499, 1125.7362664999964]
[500, 1127.7805470000021]
[501, 1129.911089500005]
[502, 1131.962356300006]
[503, 1134.0234429999837]
[504, 1136.0577718999994]
[505, 1138.1732390999969]
[506, 1140.2231266000017]
[507, 1142.29906379999]
[508, 1144.310141599999]
[509, 1146.3551080999896]
[510, 1148.3836398999847]
[511, 1150.4435485999857]
[512, 1152.938186399988]
[513, 1155.5110247999837]
[514, 1157.5679487999878]
[515, 1161.212987899984]
[516, 1167.4304566000064]
[518, 1168.0927572000073]
[519, 1170.893685099989]
[520, 1173.196384299983]
[521, 1176.0189930000051]
[522, 1178.050041199982]
[523, 1180.1458986999933]
[524, 1182.160112099984]
[525, 1184.173580200004]
[526, 1186.334753300005]
[527, 1188.4052918999805]
[528, 1190.482527699991]
[529, 1192.5146532999934]
[530, 1194.5946780999948]
[531, 1196.6356597999984]
[532, 1198.699332899996]
[533, 1200.7740246999892]
[534, 1202.8468797999958]
[535, 1204.8600873999821]
[536, 1206.9412440999877]
[537, 1208.9353731999872]
[538, 1211.0510801000055]
[539, 1213.102467699995]
[540, 1215.156729499984]
[541, 1217.1938785999955]
[542, 1219.2423244999954]
[543, 1221.2876397999935]
[544, 1223.7808587999898]
[545, 1226.010064400005]
[546, 1228.033432199998]
[547, 1230.1581410999934]
[548, 1232.1902766999847]
[549, 1234.1999873000022]
[550, 1236.7418986999837]
[551, 1239.5590117999818]
[552, 1242.5735015999817]
[553, 1245.6471233000048]
[554, 1248.6868248999817]
[555, 1251.3069741000072]
[556, 1253.3406689999974]
[557, 1255.3608046000008]
[558, 1257.4507099000039]
[559, 1259.5578756000032]
[560, 1261.5784763999982]
[561, 1263.805212200008]
[562, 1266.0301032999996]
[563, 1269.4841995000024]
[564, 1271.7419762999925]
[565, 1273.9589038999984]
[566, 1276.1935440999805]
[567, 1278.4376398999884]
[568, 1280.6846834000025]
[569, 1283.844547399989]
[570, 1286.0238222999906]
[571, 1288.2057032999874]
[572, 1290.5066482999828]
[573, 1292.7628017999814]
[574, 1294.9189653999929]
[575, 1296.935278399993]
[576, 1298.931852699985]
[577, 1300.9987496999966]
[578, 1303.052145499998]
[579, 1305.151754599996]
[580, 1307.1796365999908]
[581, 1312.9805825999938]
[584, 1314.8180592999852]
[585, 1316.765336499986]
[586, 1318.8470647000067]
[587, 1320.9412547999818]
[588, 1322.9804033999972]
[589, 1325.1364672000054]
[590, 1327.3691316999902]
[591, 1329.4014019999886]
[592, 1331.45152469998]
[593, 1333.5674602999934]
[594, 1335.581929100008]
[595, 1337.6622257999843]
[596, 1339.7187564999913]
[597, 1341.8096908000007]
[598, 1344.1068045999855]
[599, 1346.1537642999901]
[600, 1348.2232965999865]
[601, 1350.2964808999968]
[602, 1352.37343029998]
[603, 1354.4061703000043]
[604, 1356.5080260999966]
[605, 1358.5440268999955]
[606, 1360.5937575999997]
[607, 1362.6482825999847]
[608, 1364.6799687999883]
[609, 1366.681613199995]
[610, 1368.7947380999976]
[611, 1370.8955772999907]
[612, 1372.9053243999952]
[613, 1375.0377160999924]
[614, 1377.3145208999922]
[615, 1379.4116419999918]
[616, 1381.5196440999862]
[617, 1383.5346844999876]
[618, 1385.5518712000048]
[619, 1387.6369002999854]
[620, 1389.6715041999996]
[621, 1391.700998699991]
[622, 1393.8162993000005]
[623, 1395.9866753999959]
[624, 1398.0665194999892]
[625, 1400.1102758999914]
[626, 1402.3304232999799]
[627, 1404.513822399982]
[628, 1406.6401450999838]
[629, 1408.7451120000042]
[630, 1410.7939878999896]
[631, 1412.865609200002]
[632, 1414.9310959999857]
[633, 1417.0056987999997]
[634, 1419.1122441999905]
[635, 1421.1950022999954]
[636, 1423.2793978999835]
[637, 1425.3400334999897]
[638, 1427.4095375000034]
[639, 1429.4733002999856]
[640, 1431.5979197999986]
[641, 1433.6817273999914]
[642, 1435.8052235000068]
[643, 1437.9274412999803]
[644, 1439.982078800007]
[645, 1442.0624571999942]
[646, 1447.8224837000016]
[648, 1447.8524157000065]
[649, 1449.8448061999807]
[650, 1451.8512918000051]
[651, 1454.3271588000061]
[652, 1456.4576353000011]
[653, 1458.4996709999978]
[654, 1460.645113799983]
[655, 1463.0490892999806]
[656, 1465.1434083000058]
[657, 1467.2580195000046]
[658, 1469.3622136999911]
[659, 1471.5332370999968]
[660, 1473.6464538]
[661, 1475.7725701000018]
[662, 1477.9055118999968]
[663, 1479.9534902999876]
[664, 1482.0602384999802]
[665, 1484.1706802999834]
[666, 1486.3039877999981]
[667, 1488.35375379998]
[668, 1490.3844151999801]
[669, 1492.4972909000062]
[670, 1494.5673431000032]
[671, 1496.6329572999966]
[672, 1498.709138300008]
[673, 1500.81760509999]
[674, 1502.8988076999958]
[675, 1505.0265890999872]
[676, 1507.1413877999876]
[677, 1509.1896792000043]
[678, 1511.2509208999982]
[679, 1513.4754153999966]
